  %YAML:1.0

  #--------------------------------------------------------------------------------------------
  # Camera Parameters. Adjust them!
  #--------------------------------------------------------------------------------------------
  Camera.type: "KannalaBrandt8"
  # Camera calibration and distortion parameters (OpenCV)
  Camera.fx: 285.559814 # 190.97847715128717
  Camera.fy: 285.671386 # 190.9733070521226
  Camera.cx: 413.552795 # 254.93170605935475
  Camera.cy: 392.476409 # 256.8974428996504

  # Equidistant distortion 0.0034823894022493434, 0.0007150348452162257, -0.0020532361418706202, 0.00020293673591811182
  #Camera.bFishEye: 1
  Camera.k1: -0.002884590998 # 0.0034823894022493434
  Camera.k2: 0.0339858494699 # 0.0007150348452162257
  Camera.k3: -0.033521018922 # -0.0020532361418706202
  Camera.k4: 0.0052524330094 # 0.00020293673591811182

  # Camera resolution
  Camera.width: 848    #512
  Camera.height: 800   #512

  # Camera frames per second
  Camera.fps: 20.0

  # Color order of the images (0: BGR, 1: RGB. It is ignored if images are grayscale)
  Camera.RGB: 1

  # Transformation from body-frame (imu) to camera
  Tbc: !!opencv-matrix
    rows: 4
    cols: 4
    dt: f
    data: [-0.999951, 0.000378861, 0.00989095, 0.0106994789093733,
           -0.00039504, -0.999999, -0.00163382, 4.22692392021418e-06,
           0.00989032, -0.00163764, 0.99995, -0.000105826395156328,
           0., 0., 0., 1.]

      # Transformation from body-frame (imu) to camera
      #Tbc: !!opencv-matrix
      #   rows: 4
      #   cols: 4
      #   dt: f
      #   data: [-0.9995250378696743, 0.0075019185074052044, -0.02989013031643309, 0.045574835649698026,
      #          0.029615343885863205, -0.03439736061393144, -0.998969345370175, -0.071161801837997044,
      #         -0.008522328211654736, -0.9993800792498829, 0.03415885127385616, -0.044681254117144367,
      #          0.0, 0.0, 0.0, 1.0]

  # Tbc: !!opencv-matrix  # from vins mono calibration file
  #   rows: 4
  #   cols: 4
  #   dt: f
  #   data: [-0.9995250378696743, 0.0075842033363785165, -0.030214670573904204, 0.044511917113940799,
  #          0.029940114644659861, -0.034023430206013172, -0.99897246995704592, -0.073197096234105752,
  #         -0.0086044170750674241, -0.99939225835343004, 0.033779845322755464, -0.047972907300764499,
  #          0.0, 0.0, 0.0, 1.0]


  # IMU noise (Use those from VINS-mono)
  IMU.NoiseGyro: 0.002268927090244338 #5.148030140844639e-06 # 1.6968e-04
  IMU.NoiseAcc: 0.008182447828798794 #6.695245247101411e-05 # 2.0000e-3
  IMU.GyroWalk: 0.0007071067802939111 #4.999999987376214e-07
  IMU.AccWalk: 0.009999999873689375 #9.999999747378752e-05 # 3.0000e-3
  IMU.Frequency: 200


  #--------------------------------------------------------------------------------------------
  # ORB Parameters
  #--------------------------------------------------------------------------------------------

  # ORB Extractor: Number of features per image
  ORBextractor.nFeatures: 1500 # Tested with 1250

  # ORB Extractor: Scale factor between levels in the scale pyramid
  ORBextractor.scaleFactor: 1.2

  # ORB Extractor: Number of levels in the scale pyramid
  ORBextractor.nLevels: 8

  # ORB Extractor: Fast threshold
  # Image is divided in a grid. At each cell FAST are extracted imposing a minimum response.
  # Firstly we impose iniThFAST. If no corners are detected we impose a lower value minThFAST
  # You can lower these values if your images have low contrast
  # ORBextractor.iniThFAST: 20
  # ORBextractor.minThFAST: 7
  ORBextractor.iniThFAST: 20 # 20
  ORBextractor.minThFAST: 7 # 7

  #--------------------------------------------------------------------------------------------
  # Viewer Parameters
  #--------------------------------------------------------------------------------------------
  Viewer.KeyFrameSize: 0.05
  Viewer.KeyFrameLineWidth: 1
  Viewer.GraphLineWidth: 0.9
  Viewer.PointSize: 2
  Viewer.CameraSize: 0.08
  Viewer.CameraLineWidth: 3
  Viewer.ViewpointX: 0
  Viewer.ViewpointY: -0.7
  Viewer.ViewpointZ: -3.5 # -1.8
  Viewer.ViewpointF: 500